200
1 0.7672304763126395 0.7012090836208403 
2 0.8471022634234203 0.8331687283450009 
3 0.5432103601981846 0.5514883766611975 
4 0.97499082987565 0.9142370960502044 
5 0.16547620713700195 0.1238660705028467 
6 0.8859192342978153 0.7899860311235916 
7 0.5382206930032143 0.516638207597801 
8 0.6955350292788763 0.6623239980820339 
9 0.9936581889990899 0.9414246179918422 
10 0.40229436858242795 0.395451272628494 
11 0.774032441854424 0.7379282607858514 
12 0.3631247959153764 0.4173050877498331 
13 0.6750109255830465 0.7533687377972034 
14 0.37003076846910554 0.3935556056127608 
15 0.4879146864774574 0.38827878962538354 
16 0.5879569792575563 0.6022576197716054 
17 0.4303733570152356 0.3388694159882222 
18 0.10678603236244089 0.10280760687526191 
19 0.05750609453090716 0.10893900364326559 
20 0.1778023768117788 0.11778053212265349 
21 0.12425189982582818 0.15636615885939442 
22 0.004252126086559116 0.03494201495592397 
23 0.7284105828317127 0.7891923080476599 
24 0.6280432187114376 0.5890054790366497 
25 0.13348229143250057 0.2168338968189798 
26 0.18845983066343563 0.20978200060316599 
27 0.9488760090292452 0.8816894199886803 
28 0.7005276155334158 0.7937619736306079 
29 0.4267642494018704 0.4360679367237005 
30 0.30310526323616616 0.27493799018068843 
31 0.9725839906178236 0.8825517136152184 
32 0.4250806509818844 0.36310169549043003 
33 0.24822957220810493 0.32429188514899554 
34 0.803689011947946 0.781672765980386 
35 0.1756850766349174 0.1979682834368266 
36 0.6910178602218907 0.7889431813168555 
37 0.07726280795222029 0.1380289361704834 
38 0.7212821100641343 0.773118060034005 
39 0.16280881997846597 0.0756953372623923 
40 0.40714104712927035 0.3558874654896288 
41 0.6393048192741678 0.57153594711201 
42 0.23679006117459445 0.21683756309609992 
43 0.7512950758605822 0.715540070682885 
44 0.3506416298966243 0.407145224922008 
45 0.7910092492381029 0.7374427640098252 
46 0.29177576965050034 0.23208149520457244 
47 0.07332799078165886 0.05968268219961148 
48 0.4511212103575407 0.5242165784136633 
49 0.010091835573462049 0.029353744932233305 
50 0.4328441463782542 0.4845847167654751 
51 0.45599192348552053 0.44808377331102023 
52 0.3565189646118191 0.44830064291887983 
53 0.9477639531647585 0.8542660630716844 
54 0.14399201437477593 0.23242339246509824 
55 0.1651096762674099 0.24689725167718035 
56 0.5152210432509329 0.4327239604985603 
57 0.5119367468111721 0.5777384189078972 
58 0.07567380499074772 0.14210255266641203 
59 0.15472775418805973 0.06305866752565303 
60 0.43111498507341195 0.3961667454607075 
61 0.7390388607773227 0.6587264523494043 
62 0.20054410773630926 0.2513938527558093 
63 0.10420700507214076 0.13972280848204788 
64 0.8679395370264107 0.8451200054814704 
65 0.8971045996615155 0.8968767918891027 
66 0.46300110756754453 0.43728360690552626 
67 0.13063791260504887 0.06604527882562228 
68 0.17422408734985717 0.24189143600870622 
69 0.572217071857417 0.6062872523941739 
70 0.15078002360827725 0.2132545687715136 
71 0.48851332676242987 0.5300644145948804 
72 0.9806667040351227 0.9511520698641392 
73 0.7021274469686639 0.7362549952573247 
74 0.24909443829415945 0.2640176023882932 
75 0.14300136520116258 0.20451417161135899 
76 0.6365315124477469 0.7168291472400301 
77 0.3451837996243069 0.3809452272872872 
78 0.9488539172388396 0.9164663029329909 
79 0.7711387513722212 0.7004821471912086 
80 0.15599249594631948 0.058353674959389035 
81 0.5048755429468795 0.5088573379502319 
82 0.04212833500118418 0.09440331369916966 
83 0.9883418760163467 0.9512196749487963 
84 0.8854532634506982 0.8563081578189223 
85 0.2990903586382584 0.3295879626659398 
86 0.812365219730288 0.8961801111649939 
87 0.7830124110921635 0.7505333929634805 
88 0.6226508215924238 0.7007246274859209 
89 0.22452695491452224 0.16938347907212048 
90 0.2802149466737994 0.20048786234396787 
91 0.5765300374430631 0.5350936635047563 
92 0.4457708517302601 0.466097872372345 
93 0.6643185599788917 0.6402438367030616 
94 0.39385938147009325 0.4452577492437938 
95 0.6923774266190917 0.728812719944249 
96 0.15975078565367506 0.061906259393005314 
97 0.7903533275980394 0.7475733841538635 
98 0.6059499768377762 0.6561097752101714 
99 0.8901997878160907 0.8858924473801633 
100 0.18636282369431845 0.15135619599386374 
101 0.7942006060762914 0.8010496714477621 
102 0.6379621758849986 0.6181039734298065 
103 0.3316634079675306 0.24843785602577073 
104 0.8829005446861502 0.9305936334738552 
105 0.8139018070735783 0.8872312165010126 
106 0.8635994039316867 0.7661548967636704 
107 0.4548415719847504 0.4850285941399346 
108 0.12116819766577425 0.08863700230341032 
109 0.28754301549525485 0.26458378322914744 
110 0.9183269096114051 0.9212811396468568 
111 0.18920434547225184 0.20943462341332764 
112 0.5816257054453574 0.5478052189182653 
113 0.6443222426748176 0.6764326845866174 
114 0.07414243548230603 0.14220444110101826 
115 0.5124555788929619 0.44636784427844034 
116 0.4311884073415616 0.4732431116897423 
117 0.15443994084438406 0.24001926619887637 
118 0.4838142985110607 0.5685026588421841 
119 0.4429434904490025 0.4239677171323071 
120 0.8346552125251233 0.8971777985822685 
121 0.7360624882923795 0.6495033297062902 
122 0.6443652079366687 0.6013090388556761 
123 0.7911607379678232 0.7503941481099478 
124 0.9403307450180579 0.9587032992926867 
125 0.3068960325827885 0.20718128192926055 
126 0.2629626525782902 0.296481922582276 
127 0.17806533832913807 0.22362465284102684 
128 0.16188530418213432 0.18045761689111595 
129 0.24912804397214305 0.18801669822879385 
130 0.8574836100446984 0.908977548969099 
131 0.5376866284277284 0.5950439104340337 
132 0.9393590760418038 0.9911000590193626 
133 0.5314749051525108 0.5861206796503641 
134 0.7039751114090312 0.6579835808639661 
135 0.09854485283062153 0.05979177492184784 
136 0.15117748645360773 0.05864386924534715 
137 0.5678609596564727 0.522107594223913 
138 0.4598654518277979 0.4813948966215109 
139 0.09461948491191596 0.020612564442998305 
140 0.8686727163880218 0.8999334754686761 
141 0.9073051272869477 0.815555850932014 
142 0.6706745893028859 0.7113490126734785 
143 0.8231602482825441 0.8083183647108854 
144 0.09383934437519903 0.12329330219200874 
145 0.9315621097761664 0.9570592224858289 
146 0.009217455368631278 0.02289171649009203 
147 0.3122909643456516 0.3673645963560548 
148 0.37926810883492745 0.44151674903752847 
149 0.4728750469484915 0.3886785053415197 
150 0.5199598771317587 0.4633246627137968 
151 0.6674919907733584 0.6498292672080871 
152 0.42800673545488954 0.3836621866527721 
153 0.9090374863735432 0.9485180179720787 
154 0.23387203108967491 0.15356388258863984 
155 0.6527947626175504 0.6366379407151008 
156 0.6847934075270843 0.6371543254169023 
157 0.3587934324416754 0.39496797110614823 
158 0.20063501840726883 0.17088143144665213 
159 0.4451749977111673 0.3871170984458888 
160 0.8995471622364162 0.9624238414885943 
161 0.8908102726053381 0.9120121414525566 
162 0.18662126260929368 0.20619516840265417 
163 0.8912105653411172 0.8359537464732594 
164 0.7927709945149173 0.7263936572018824 
165 0.8116634015214571 0.7812920790935162 
166 0.3322007684112712 0.4094774183737312 
167 0.11130894098048738 0.20173111482982276 
168 0.11325621117922424 0.1614521866717482 
169 0.8275222605688034 0.9181780362291174 
170 0.3229364034593458 0.35830875587861066 
171 0.3810069095151192 0.4755058328961572 
172 0.4726568203571605 0.4449542280542933 
173 0.7251754300235551 0.71257550397394 
174 0.5625524367784297 0.5846476185044871 
175 0.1932573414183325 0.13539757617791282 
176 0.43043176698695584 0.36720348767722244 
177 0.02029051460465181 0.07487988651879796 
178 0.6844629938451249 0.755904711079016 
179 0.688948515731525 0.7027889530092486 
180 0.3097557809300502 0.22082996520921827 
181 0.36923295913525256 0.4589847458235258 
182 0.19022490428958427 0.11067440978054155 
183 0.1339431289802302 0.11036890660011067 
184 0.899252439082033 0.9855770704286115 
185 0.16586263062218887 0.16750583159950283 
186 0.02415508789149101 0.07365406981272982 
187 0.13767403513238197 0.20261419578707696 
188 0.7044600242078332 0.6204581406289622 
189 0.5670991923524443 0.5326517294986327 
190 0.6733864695875625 0.7499154408673562 
191 0.8324850511059575 0.8484964404627242 
192 0.7530423611789911 0.6937732509967198 
193 0.9301732419562518 0.9240961743728691 
194 0.7622613162617433 0.8422777412665736 
195 0.4675487193871716 0.5072943798142346 
196 0.9778783486599311 0.919497039094723 
197 0.032432201268416505 0.0017376288188964972 
198 0.8947736679726735 0.8778212072123164 
199 0.3043514350604576 0.34540830063926886 
200 0.7291105852779318 0.8087983577858986